Model,y_true,y_prob,y_pred
LogisticRegression,1,0.5797251952633368,1
LogisticRegression,1,0.586199273238765,1
LogisticRegression,1,0.37472339461087795,0
LogisticRegression,1,0.4089043927850744,0
LogisticRegression,1,0.5196306338780095,1
LogisticRegression,1,0.6194989759020613,1
LogisticRegression,0,0.4070256178485244,0
LogisticRegression,1,0.7068825229682272,1
LogisticRegression,0,0.49204084602614956,0
LogisticRegression,0,0.4442989976430863,0
LogisticRegression,1,0.5358373380065106,1
LogisticRegression,1,0.4672416209517898,0
LogisticRegression,1,0.6787557619213133,1
LogisticRegression,1,0.7798886732038484,1
LogisticRegression,1,0.6988447762375773,1
LogisticRegression,0,0.6749317968862476,1
LogisticRegression,0,0.6455316575822608,1
LogisticRegression,0,0.5614975858763281,1
LogisticRegression,1,0.5257939509746252,1
LogisticRegression,0,0.17240282570972199,0
LogisticRegression,0,0.1603031174776994,0
LogisticRegression,1,0.22329708746012727,0
LogisticRegression,1,0.2769010204087723,0
LogisticRegression,1,0.4267554754552638,0
LogisticRegression,0,0.5964501386194785,1
LogisticRegression,1,0.2639262912370431,0
LogisticRegression,1,0.4781729914671211,0
LogisticRegression,0,0.3925647095794141,0
LogisticRegression,1,0.2840333068870304,0
LogisticRegression,1,0.5003884913823452,1
LogisticRegression,1,0.1448060004740059,0
LogisticRegression,1,0.13031064287431834,0
LogisticRegression,1,0.13949095047566015,0
LogisticRegression,1,0.053709277098823144,0
LogisticRegression,0,0.6648163475676577,1
LogisticRegression,0,0.4584495139920787,0
LogisticRegression,1,0.8375380046643692,1
LogisticRegression,0,0.20848722554957372,0
LogisticRegression,1,0.791037296665864,1
LogisticRegression,1,0.785710455640604,1
LogisticRegression,0,0.3889676110452483,0
LogisticRegression,0,0.6578703527487971,1
LogisticRegression,0,0.27290015712023885,0
LogisticRegression,0,0.16199383142767915,0
LogisticRegression,1,0.44529193477013357,0
LogisticRegression,1,0.5865440478969275,1
LogisticRegression,1,0.8793449492588051,1
LogisticRegression,1,0.7106039799027791,1
LogisticRegression,1,0.7409450755566425,1
LogisticRegression,1,0.30583364444444805,0
LogisticRegression,1,0.4069113957159436,0
LogisticRegression,1,0.6768582375011535,1
LogisticRegression,1,0.41921863810217497,0
LogisticRegression,0,0.6279364494029066,1
LogisticRegression,1,0.46967771658450697,0
LogisticRegression,0,0.7902492187598962,1
LogisticRegression,0,0.38139471517928364,0
LogisticRegression,0,0.5738613347491446,1
LogisticRegression,0,0.4714324913028259,0
LogisticRegression,0,0.5665506327966524,1
LogisticRegression,0,0.696601019263506,1
LogisticRegression,0,0.3257445839661674,0
LogisticRegression,0,0.33224521177662003,0
LogisticRegression,0,0.6122371236842862,1
LogisticRegression,0,0.6561715366244277,1
LogisticRegression,0,0.4248014441235458,0
LogisticRegression,1,0.640079125293084,1
LogisticRegression,1,0.8022791026897325,1
LogisticRegression,1,0.5652153888146634,1
LogisticRegression,1,0.4906617958703651,0
LogisticRegression,1,0.6510603459216098,1
LogisticRegression,1,0.4352867820414733,0
LogisticRegression,1,0.452235903832278,0
LogisticRegression,0,0.44228384267589566,0
LogisticRegression,0,0.5396326700593209,1
LogisticRegression,1,0.19006459728194708,0
LogisticRegression,1,0.1439942863286649,0
LogisticRegression,0,0.321809264637772,0
LogisticRegression,1,0.13445998847808951,0
LogisticRegression,0,0.30924270306850354,0
LogisticRegression,1,0.40199179240660904,0
LogisticRegression,1,0.5203221117733172,1
LogisticRegression,1,0.6800211274149475,1
LogisticRegression,1,0.6530586090318616,1
LogisticRegression,1,0.4112664053158213,0
LogisticRegression,1,0.578468092260532,1
LogisticRegression,1,0.5751394441918837,1
LogisticRegression,1,0.1059642911226724,0
LogisticRegression,1,0.42707732157383577,0
LogisticRegression,1,0.9698203076718325,1
LogisticRegression,1,0.4514475319418228,0
LogisticRegression,0,0.5391514550589382,1
LogisticRegression,0,0.29857616292339556,0
LogisticRegression,0,0.3219499978098052,0
LogisticRegression,0,0.2357185577579086,0
LogisticRegression,0,0.6966620742552746,1
LogisticRegression,0,0.7013197698709167,1
LogisticRegression,0,0.4594301676558679,0
LogisticRegression,0,0.3086162534711819,0
LogisticRegression,1,0.4700706704621505,0
LogisticRegression,1,0.7067237777187235,1
LogisticRegression,1,0.0771634905487738,0
LogisticRegression,0,0.5418548646339457,1
LogisticRegression,0,0.3554975307731242,0
LogisticRegression,1,0.450695707237209,0
LogisticRegression,1,0.5939225575749718,1
LogisticRegression,1,0.7513235579972306,1
LogisticRegression,0,0.45861025315840204,0
LogisticRegression,0,0.34115279357303724,0
LogisticRegression,0,0.36525873126345276,0
LogisticRegression,0,0.36841516943254404,0
LogisticRegression,0,0.4797098547768101,0
LogisticRegression,0,0.515017756508509,1
LogisticRegression,0,0.6877701776370694,1
LogisticRegression,0,0.2292225735930833,0
LogisticRegression,0,0.48502196548089815,0
SVM_RBF,1,0.5902751112384744,1
SVM_RBF,1,0.5705777552252097,1
SVM_RBF,1,0.4339011205384187,0
SVM_RBF,1,0.4485972258689417,0
SVM_RBF,1,0.5286324237944215,1
SVM_RBF,1,0.6137035710699723,1
SVM_RBF,0,0.4467981649648673,0
SVM_RBF,1,0.6519001472035895,1
SVM_RBF,0,0.5280989691788226,1
SVM_RBF,0,0.4814168182552102,0
SVM_RBF,1,0.5494466041443528,1
SVM_RBF,1,0.48601332070535713,0
SVM_RBF,1,0.661082316288326,1
SVM_RBF,1,0.7443103005186446,1
SVM_RBF,1,0.651971718494145,1
SVM_RBF,0,0.7122925282702096,1
SVM_RBF,0,0.5971010065342248,1
SVM_RBF,0,0.5728182225141193,1
SVM_RBF,1,0.5269835668499911,1
SVM_RBF,0,0.3123422066701047,0
SVM_RBF,0,0.3139374112045163,0
SVM_RBF,1,0.34488858696924674,0
SVM_RBF,1,0.36519590122374374,0
SVM_RBF,1,0.46673454225959166,0
SVM_RBF,0,0.5851226660138195,1
SVM_RBF,1,0.31074825926722244,0
SVM_RBF,1,0.46496803925578073,0
SVM_RBF,0,0.4799973759320387,0
SVM_RBF,1,0.3479040632292725,0
SVM_RBF,1,0.4831830309034442,0
SVM_RBF,1,0.24353537105203796,0
SVM_RBF,1,0.27344627281678896,0
SVM_RBF,1,0.26982528402075506,0
SVM_RBF,1,0.20007324304615626,0
SVM_RBF,0,0.5509931564017625,1
SVM_RBF,0,0.5407978304977832,1
SVM_RBF,1,0.735894797720782,1
SVM_RBF,0,0.299882985832626,0
SVM_RBF,1,0.7257726524543227,1
SVM_RBF,1,0.6348118618298207,1
SVM_RBF,0,0.48000780388236997,0
SVM_RBF,0,0.5,1
SVM_RBF,0,0.3904339775367889,0
SVM_RBF,0,0.3344841771490341,0
SVM_RBF,1,0.5399444395433886,1
SVM_RBF,1,0.5876098991993738,1
SVM_RBF,1,0.6467042969457409,1
SVM_RBF,1,0.6081669747898192,1
SVM_RBF,1,0.6280407152344678,1
SVM_RBF,1,0.5196434377075645,1
SVM_RBF,1,0.5147405103323361,1
SVM_RBF,1,0.5814388750519206,1
SVM_RBF,1,0.5325861503160875,1
SVM_RBF,0,0.5907739318008245,1
SVM_RBF,1,0.5531252621479267,1
SVM_RBF,0,0.6368620768245564,1
SVM_RBF,0,0.5335073524642612,1
SVM_RBF,0,0.5687498873813684,1
SVM_RBF,0,0.5504838009723491,1
SVM_RBF,0,0.5501573665660693,1
SVM_RBF,0,0.6163477113095189,1
SVM_RBF,0,0.5191350423880337,1
SVM_RBF,0,0.5205640173739122,1
SVM_RBF,0,0.5795877690309477,1
SVM_RBF,0,0.6088371189490664,1
SVM_RBF,0,0.5451287774932598,1
SVM_RBF,1,0.5929871924448182,1
SVM_RBF,1,0.6416687681499892,1
SVM_RBF,1,0.5778683800890485,1
SVM_RBF,1,0.5486130515737222,1
SVM_RBF,1,0.6072407221893914,1
SVM_RBF,1,0.5473388408434402,1
SVM_RBF,1,0.5488307391689249,1
SVM_RBF,0,0.5355728056403156,1
SVM_RBF,0,0.5750920887597709,1
SVM_RBF,1,0.6130866497675828,1
SVM_RBF,1,0.6137574862398896,1
SVM_RBF,0,0.6124481648274287,1
SVM_RBF,1,0.6134805223161304,1
SVM_RBF,0,0.6124992207455099,1
SVM_RBF,1,0.6127454399551585,1
SVM_RBF,1,0.6126315450239093,1
SVM_RBF,1,0.6116459352784113,1
SVM_RBF,1,0.6115740372056788,1
SVM_RBF,1,0.6128404390957671,1
SVM_RBF,1,0.6109858939973858,1
SVM_RBF,1,0.6124954470854079,1
SVM_RBF,1,0.613350908419328,1
SVM_RBF,1,0.6117355547186003,1
SVM_RBF,1,0.6123450630646651,1
SVM_RBF,1,0.6127995146456181,1
SVM_RBF,0,0.6119402819169172,1
SVM_RBF,0,0.6130563621694176,1
SVM_RBF,0,0.6125669019360066,1
SVM_RBF,0,0.6130101783238663,1
SVM_RBF,0,0.610818216371892,1
SVM_RBF,0,0.6115038949144861,1
SVM_RBF,0,0.6117516129918223,1
SVM_RBF,0,0.6126690988074815,1
SVM_RBF,1,0.6125973869172784,1
SVM_RBF,1,0.611652249773732,1
SVM_RBF,1,0.6127530448215088,1
SVM_RBF,0,0.6119028002394004,1
SVM_RBF,0,0.612449927738849,1
SVM_RBF,1,0.5972457185655942,1
SVM_RBF,1,0.5984352281717711,1
SVM_RBF,1,0.6530723401368542,1
SVM_RBF,0,0.5818660207945039,1
SVM_RBF,0,0.5445045385206767,1
SVM_RBF,0,0.566709080961509,1
SVM_RBF,0,0.5576850344263343,1
SVM_RBF,0,0.5743800718856891,1
SVM_RBF,0,0.6111380008769524,1
SVM_RBF,0,0.6341277347984636,1
SVM_RBF,0,0.5467768602854801,1
SVM_RBF,0,0.5779558518194352,1
SVM_Linear,1,0.553265269870884,1
SVM_Linear,1,0.5286282170789721,1
SVM_Linear,1,0.3767282632816858,0
SVM_Linear,1,0.427065725788902,0
SVM_Linear,1,0.4711644995354534,0
SVM_Linear,1,0.5830401097555062,1
SVM_Linear,0,0.47621823192170226,0
SVM_Linear,1,0.6360224120329059,1
SVM_Linear,0,0.5,1
SVM_Linear,0,0.5067411757181997,1
SVM_Linear,1,0.5317967607433965,1
SVM_Linear,1,0.4462616855053797,0
SVM_Linear,1,0.5789491595164652,1
SVM_Linear,1,0.6604220427176848,1
SVM_Linear,1,0.5865032832029171,1
SVM_Linear,0,0.6016349268389121,1
SVM_Linear,0,0.5513536463312766,1
SVM_Linear,0,0.5349487945504445,1
SVM_Linear,1,0.5146112756630314,1
SVM_Linear,0,0.2802613111413113,0
SVM_Linear,0,0.22958183685183875,0
SVM_Linear,1,0.3559046667774894,0
SVM_Linear,1,0.34025374114319623,0
SVM_Linear,1,0.44868415253574195,0
SVM_Linear,0,0.5,1
SVM_Linear,1,0.32268124470454174,0
SVM_Linear,1,0.46595505324892106,0
SVM_Linear,0,0.4538323273828923,0
SVM_Linear,1,0.3477948436746541,0
SVM_Linear,1,0.5572660091299277,1
SVM_Linear,1,0.25931197492999203,0
SVM_Linear,1,0.2464632418623637,0
SVM_Linear,1,0.2637443267473964,0
SVM_Linear,1,0.14451589213361882,0
SVM_Linear,0,0.5558608001908951,1
SVM_Linear,0,0.46473740771806565,0
SVM_Linear,1,0.7547691351852427,1
SVM_Linear,0,0.2911088394684043,0
SVM_Linear,1,0.6587017407966544,1
SVM_Linear,1,0.713891121462859,1
SVM_Linear,0,0.4200264510502367,0
SVM_Linear,0,0.8022447481509662,1
SVM_Linear,0,0.4143388774123733,0
SVM_Linear,0,0.3083867156036125,0
SVM_Linear,1,0.5,1
SVM_Linear,1,0.5878604858078955,1
SVM_Linear,1,0.7974218396931244,1
SVM_Linear,1,0.6732078983902591,1
SVM_Linear,1,0.7021721124551685,1
SVM_Linear,1,0.4495408247055588,0
SVM_Linear,1,0.4578818565447826,0
SVM_Linear,1,0.6356468541814098,1
SVM_Linear,1,0.4834331256587868,0
SVM_Linear,0,0.6282895165228679,1
SVM_Linear,1,0.5365094174753838,1
SVM_Linear,0,0.7297877018745981,1
SVM_Linear,0,0.5,1
SVM_Linear,0,0.5811987773242434,1
SVM_Linear,0,0.5505689991543784,1
SVM_Linear,0,0.5572899122984263,1
SVM_Linear,0,0.6664741400547554,1
SVM_Linear,0,0.4428328179562219,0
SVM_Linear,0,0.43168223435250785,0
SVM_Linear,0,0.6241956938892987,1
SVM_Linear,0,0.6450289562653306,1
SVM_Linear,0,0.5,1
SVM_Linear,1,0.6454659364663181,1
SVM_Linear,1,0.7352871781952683,1
SVM_Linear,1,0.5944771220308064,1
SVM_Linear,1,0.5287379125539087,1
SVM_Linear,1,0.643784352794925,1
SVM_Linear,1,0.5099983615685175,1
SVM_Linear,1,0.5180473139537248,1
SVM_Linear,0,0.5146206216735933,1
SVM_Linear,0,0.581870502647915,1
SVM_Linear,1,0.25683323232544025,0
SVM_Linear,1,0.17774209514165704,0
SVM_Linear,0,0.4635290170181337,0
SVM_Linear,1,0.21175590327501553,0
SVM_Linear,0,0.47977708604720926,0
SVM_Linear,1,0.5568701632536369,1
SVM_Linear,1,0.3559386376391989,0
SVM_Linear,1,0.6188418212417128,1
SVM_Linear,1,0.573521029491715,1
SVM_Linear,1,0.32811809962203403,0
SVM_Linear,1,0.5785842851216688,1
SVM_Linear,1,0.6007465873989895,1
SVM_Linear,1,0.18791239763262563,0
SVM_Linear,1,0.49312989874239993,0
SVM_Linear,1,0.9330961425481233,1
SVM_Linear,1,0.49018656455708043,0
SVM_Linear,0,0.6777627159678417,1
SVM_Linear,0,0.2869394390049899,0
SVM_Linear,0,0.29974245382514286,0
SVM_Linear,0,0.2558436810724256,0
SVM_Linear,0,0.7036849914896812,1
SVM_Linear,0,0.6623702662628387,1
SVM_Linear,0,0.4131837066877,0
SVM_Linear,0,0.3365348235470261,0
SVM_Linear,1,0.36350807264460117,0
SVM_Linear,1,0.7822126541443967,1
SVM_Linear,1,0.04473778833901228,0
SVM_Linear,0,0.6608820705267308,1
SVM_Linear,0,0.4094060534013962,0
SVM_Linear,1,0.5778879851379642,1
SVM_Linear,1,0.6496216015139681,1
SVM_Linear,1,0.6988093371108504,1
SVM_Linear,0,0.5264333399871064,1
SVM_Linear,0,0.4564951687971182,0
SVM_Linear,0,0.5446862043821948,1
SVM_Linear,0,0.5,1
SVM_Linear,0,0.5365486285077745,1
SVM_Linear,0,0.6137791796955435,1
SVM_Linear,0,0.6814360502049258,1
SVM_Linear,0,0.3689836185477478,0
SVM_Linear,0,0.5562266612931962,1
RandomForest,1,0.4364310383677409,0
RandomForest,1,0.44920566940856227,0
RandomForest,1,0.3439940114040219,0
RandomForest,1,0.3433097124865961,0
RandomForest,1,0.6612736479772557,1
RandomForest,1,0.7647133179191641,1
RandomForest,0,0.42801348363700753,0
RandomForest,1,0.8635716689558093,1
RandomForest,0,0.3656018648807564,0
RandomForest,0,0.440491767472785,0
RandomForest,1,0.7101741607966356,1
RandomForest,1,0.5330254051768764,1
RandomForest,1,0.8064392705667878,1
RandomForest,1,0.8970783832507074,1
RandomForest,1,0.7599666277037105,1
RandomForest,0,0.7482525002068585,1
RandomForest,0,0.5723195042455315,1
RandomForest,0,0.5154436013958384,1
RandomForest,1,0.5413777790630636,1
RandomForest,0,0.4097344795781904,0
RandomForest,0,0.340717273289447,0
RandomForest,1,0.3407685721773578,0
RandomForest,1,0.5684251771646757,1
RandomForest,1,0.35021031286478604,0
RandomForest,0,0.4508074759433214,0
RandomForest,1,0.3897433302052691,0
RandomForest,1,0.6157204146001721,1
RandomForest,0,0.2937581285657107,0
RandomForest,1,0.2996960538534467,0
RandomForest,1,0.402373072074648,0
RandomForest,1,0.2699673102870168,0
RandomForest,1,0.23863597553711885,0
RandomForest,1,0.30888005491053017,0
RandomForest,1,0.24157493820465542,0
RandomForest,0,0.4040243665687411,0
RandomForest,0,0.4275440586414056,0
RandomForest,1,0.7574414416924697,1
RandomForest,0,0.36736105974647126,0
RandomForest,1,0.5843049130649609,1
RandomForest,1,0.5104747450176543,1
RandomForest,0,0.4889531551246189,0
RandomForest,0,0.5011590286922494,1
RandomForest,0,0.4546169450177126,0
RandomForest,0,0.33769872330088885,0
RandomForest,1,0.48114279043117736,0
RandomForest,1,0.7370861043980174,1
RandomForest,1,0.8022613070587493,1
RandomForest,1,0.7764901116381521,1
RandomForest,1,0.8259276931616846,1
RandomForest,1,0.3933210871251359,0
RandomForest,1,0.6304299627495481,1
RandomForest,1,0.7405461537221086,1
RandomForest,1,0.48319876970110387,0
RandomForest,0,0.5421260942624582,1
RandomForest,1,0.5274348166353126,1
RandomForest,0,0.7167152536387563,1
RandomForest,0,0.5448995433399721,1
RandomForest,0,0.5026777865808938,1
RandomForest,0,0.5097012278226013,1
RandomForest,0,0.6263586872922952,1
RandomForest,0,0.7465988990137158,1
RandomForest,0,0.3864692137843634,0
RandomForest,0,0.3961471796676859,0
RandomForest,0,0.6799185752769306,1
RandomForest,0,0.8076984686604185,1
RandomForest,0,0.47133022376577494,0
RandomForest,1,0.7761883072599822,1
RandomForest,1,0.7216104480332225,1
RandomForest,1,0.4978026485920212,0
RandomForest,1,0.5379258297654423,1
RandomForest,1,0.6658813665473536,1
RandomForest,1,0.5573958251776114,1
RandomForest,1,0.4641498824236162,0
RandomForest,0,0.30594533004183366,0
RandomForest,0,0.5311084269858425,1
RandomForest,1,0.21291944224719792,0
RandomForest,1,0.3300823709636219,0
RandomForest,0,0.4753177322683021,0
RandomForest,1,0.16891525138863542,0
RandomForest,0,0.6259236556727125,1
RandomForest,1,0.4074565691264911,0
RandomForest,1,0.45387133659905665,0
RandomForest,1,0.6797824476362168,1
RandomForest,1,0.4731033785015646,0
RandomForest,1,0.32462166296663364,0
RandomForest,1,0.5536595308763764,1
RandomForest,1,0.5391409577732698,1
RandomForest,1,0.3606587887090107,0
RandomForest,1,0.3942832188552549,0
RandomForest,1,0.752268445895562,1
RandomForest,1,0.44770228279311813,0
RandomForest,0,0.602333972093434,1
RandomForest,0,0.24979436306117697,0
RandomForest,0,0.447237043330049,0
RandomForest,0,0.48956374954663157,0
RandomForest,0,0.6885764047585303,1
RandomForest,0,0.6019568178710774,1
RandomForest,0,0.602314916506816,1
RandomForest,0,0.35335354886557746,0
RandomForest,1,0.4878047028929957,0
RandomForest,1,0.5413851991974014,1
RandomForest,1,0.5183317219885643,1
RandomForest,0,0.447256348567373,0
RandomForest,0,0.4863432379347056,0
RandomForest,1,0.5872758927030481,1
RandomForest,1,0.3950129162117124,0
RandomForest,1,0.9549528256802325,1
RandomForest,0,0.33929619382104703,0
RandomForest,0,0.2793810370440548,0
RandomForest,0,0.3102365521101165,0
RandomForest,0,0.4854538976371872,0
RandomForest,0,0.7091356734048475,1
RandomForest,0,0.5453410111912576,1
RandomForest,0,0.7589079027702276,1
RandomForest,0,0.7405218392316335,1
RandomForest,0,0.685070286375188,1
GradientBoosting,1,0.3996338860466944,0
GradientBoosting,1,0.47935060037328725,0
GradientBoosting,1,0.2525813107141849,0
GradientBoosting,1,0.32093509851912294,0
GradientBoosting,1,0.7250331986309234,1
GradientBoosting,1,0.735835203629571,1
GradientBoosting,0,0.4315138022773922,0
GradientBoosting,1,0.8217778914398899,1
GradientBoosting,0,0.42805943338100183,0
GradientBoosting,0,0.48471373234985055,0
GradientBoosting,1,0.7379271368501634,1
GradientBoosting,1,0.4908385510917603,0
GradientBoosting,1,0.8121508265575428,1
GradientBoosting,1,0.8798707404229005,1
GradientBoosting,1,0.8131270174864357,1
GradientBoosting,0,0.8191720487354649,1
GradientBoosting,0,0.7108625133880392,1
GradientBoosting,0,0.5404361628623935,1
GradientBoosting,1,0.5786270509404909,1
GradientBoosting,0,0.4134298562665606,0
GradientBoosting,0,0.25602536247937013,0
GradientBoosting,1,0.2145697703249086,0
GradientBoosting,1,0.5655204125271013,1
GradientBoosting,1,0.30864822497137084,0
GradientBoosting,0,0.48317991084831113,0
GradientBoosting,1,0.32753232331477183,0
GradientBoosting,1,0.7308395151719139,1
GradientBoosting,0,0.22730281857175086,0
GradientBoosting,1,0.4181084432965623,0
GradientBoosting,1,0.2331999352585812,0
GradientBoosting,1,0.2747326124321171,0
GradientBoosting,1,0.19592734899662342,0
GradientBoosting,1,0.16544756067822078,0
GradientBoosting,1,0.06480772249664124,0
GradientBoosting,0,0.4189100144301493,0
GradientBoosting,0,0.23229112155421497,0
GradientBoosting,1,0.8732141053535191,1
GradientBoosting,0,0.3468655563251664,0
GradientBoosting,1,0.6559670011272525,1
GradientBoosting,1,0.8046324921300481,1
GradientBoosting,0,0.5028694823274312,1
GradientBoosting,0,0.6349140946544789,1
GradientBoosting,0,0.3494482049287839,0
GradientBoosting,0,0.14490127924109683,0
GradientBoosting,1,0.48868492059586727,0
GradientBoosting,1,0.8011313945106455,1
GradientBoosting,1,0.8972844376001434,1
GradientBoosting,1,0.8299719778309365,1
GradientBoosting,1,0.9038160931503353,1
GradientBoosting,1,0.34087604625333945,0
GradientBoosting,1,0.706259705862613,1
GradientBoosting,1,0.8223312116452121,1
GradientBoosting,1,0.44827229374484767,0
GradientBoosting,0,0.6433465731241127,1
GradientBoosting,1,0.6028965459853262,1
GradientBoosting,0,0.8972844376001434,1
GradientBoosting,0,0.4729263812127744,0
GradientBoosting,0,0.45858296962672124,0
GradientBoosting,0,0.4547850888961991,0
GradientBoosting,0,0.6962409541876301,1
GradientBoosting,0,0.8920165629128325,1
GradientBoosting,0,0.3297362660109677,0
GradientBoosting,0,0.3297362660109677,0
GradientBoosting,0,0.7024357184143326,1
GradientBoosting,0,0.888541925560455,1
GradientBoosting,0,0.4663760194339559,0
GradientBoosting,1,0.8427892470830941,1
GradientBoosting,1,0.812242564371729,1
GradientBoosting,1,0.49440431575506716,0
GradientBoosting,1,0.4704787205156399,0
GradientBoosting,1,0.7558932357588094,1
GradientBoosting,1,0.6213088541221979,1
GradientBoosting,1,0.44827229374484767,0
GradientBoosting,0,0.26229731601808587,0
GradientBoosting,0,0.6141793509694897,1
GradientBoosting,1,0.14846216704923312,0
GradientBoosting,1,0.4737642005110844,0
GradientBoosting,0,0.24838532383416448,0
GradientBoosting,1,0.07141359939084774,0
GradientBoosting,0,0.695083816520061,1
GradientBoosting,1,0.25405424806144683,0
GradientBoosting,1,0.33923622932112624,0
GradientBoosting,1,0.7712977169148229,1
GradientBoosting,1,0.7043537732696541,1
GradientBoosting,1,0.1926525442096715,0
GradientBoosting,1,0.5533755154816575,1
GradientBoosting,1,0.7340105005747812,1
GradientBoosting,1,0.5323464235826061,1
GradientBoosting,1,0.47652809076945885,0
GradientBoosting,1,0.8877494176683937,1
GradientBoosting,1,0.616162397639987,1
GradientBoosting,0,0.74149705272604,1
GradientBoosting,0,0.2809530805878581,0
GradientBoosting,0,0.28600587873334693,0
GradientBoosting,0,0.2663246028046125,0
GradientBoosting,0,0.8958346742614234,1
GradientBoosting,0,0.6938738320525651,1
GradientBoosting,0,0.8274431988035128,1
GradientBoosting,0,0.23883109561738994,0
GradientBoosting,1,0.4834698889759136,0
GradientBoosting,1,0.4257644339888877,0
GradientBoosting,1,0.46278896005380393,0
GradientBoosting,0,0.28299540259512035,0
GradientBoosting,0,0.3562818875601266,0
GradientBoosting,1,0.6275375557930253,1
GradientBoosting,1,0.6024515757610318,1
GradientBoosting,1,0.8442848196291756,1
GradientBoosting,0,0.3642433119224128,0
GradientBoosting,0,0.3886048162312917,0
GradientBoosting,0,0.28541634458501064,0
GradientBoosting,0,0.5541241913612106,1
GradientBoosting,0,0.5981492157565361,1
GradientBoosting,0,0.5820880117277553,1
GradientBoosting,0,0.7499853081847525,1
GradientBoosting,0,0.5781090208098416,1
GradientBoosting,0,0.7197017438202873,1
ExtraTrees,1,0.517957165889985,1
ExtraTrees,1,0.49156715183634697,0
ExtraTrees,1,0.45122355682733606,0
ExtraTrees,1,0.4101691457994807,0
ExtraTrees,1,0.4885933352138045,0
ExtraTrees,1,0.6698574169857854,1
ExtraTrees,0,0.4831869912199736,0
ExtraTrees,1,0.7492419132031922,1
ExtraTrees,0,0.4359553690702927,0
ExtraTrees,0,0.5003682129423127,1
ExtraTrees,1,0.5771513988746144,1
ExtraTrees,1,0.5695378499806196,1
ExtraTrees,1,0.8726646093080292,1
ExtraTrees,1,0.8731322651686584,1
ExtraTrees,1,0.6671408728942022,1
ExtraTrees,0,0.6296099592968918,1
ExtraTrees,0,0.5381582348199355,1
ExtraTrees,0,0.49939203565448587,0
ExtraTrees,1,0.5568413757699918,1
ExtraTrees,0,0.44152376960417017,0
ExtraTrees,0,0.28413759209331557,0
ExtraTrees,1,0.27843681979498763,0
ExtraTrees,1,0.5457428134178121,1
ExtraTrees,1,0.441572879632102,0
ExtraTrees,0,0.5121718770112124,1
ExtraTrees,1,0.40621988424099476,0
ExtraTrees,1,0.5011539497593679,1
ExtraTrees,0,0.4490242366322039,0
ExtraTrees,1,0.4412846789585591,0
ExtraTrees,1,0.47823348025507745,0
ExtraTrees,1,0.4411357258087761,0
ExtraTrees,1,0.4350250498682143,0
ExtraTrees,1,0.45768911612135316,0
ExtraTrees,1,0.4416329237370264,0
ExtraTrees,0,0.4659756362832446,0
ExtraTrees,0,0.48808710046613396,0
ExtraTrees,1,0.5557070612066295,1
ExtraTrees,0,0.47207014834687727,0
ExtraTrees,1,0.5215842031443491,1
ExtraTrees,1,0.495595808451208,0
ExtraTrees,0,0.5002911194734021,1
ExtraTrees,0,0.46609406660637814,0
ExtraTrees,0,0.46330246560660643,0
ExtraTrees,0,0.4459154128842973,0
ExtraTrees,1,0.3875748875869548,0
ExtraTrees,1,0.683561370768969,1
ExtraTrees,1,0.97411768846722,1
ExtraTrees,1,0.953797321641808,1
ExtraTrees,1,0.8750233403120565,1
ExtraTrees,1,0.30512646345322025,0
ExtraTrees,1,0.6307617216558457,1
ExtraTrees,1,0.8140892394321602,1
ExtraTrees,1,0.46638544060822074,0
ExtraTrees,0,0.5606671150740419,1
ExtraTrees,1,0.4649141564933835,0
ExtraTrees,0,0.8001303629617007,1
ExtraTrees,0,0.47561833836912154,0
ExtraTrees,0,0.40468894627138896,0
ExtraTrees,0,0.4476238629827094,0
ExtraTrees,0,0.6070763447160777,1
ExtraTrees,0,0.8284453598724024,1
ExtraTrees,0,0.5058720890785464,1
ExtraTrees,0,0.331540708554637,0
ExtraTrees,0,0.7153799614926121,1
ExtraTrees,0,0.8850264631941688,1
ExtraTrees,0,0.4183949439192836,0
ExtraTrees,1,0.7385384885309116,1
ExtraTrees,1,0.8876820940104724,1
ExtraTrees,1,0.47873330671370573,0
ExtraTrees,1,0.4841568344035944,0
ExtraTrees,1,0.6516095335359121,1
ExtraTrees,1,0.5513698395827132,1
ExtraTrees,1,0.4119247586794812,0
ExtraTrees,0,0.4616988445517808,0
ExtraTrees,0,0.5944920248609343,1
ExtraTrees,1,0.3322567297541259,0
ExtraTrees,1,0.36917740190595816,0
ExtraTrees,0,0.4486772651585857,0
ExtraTrees,1,0.33220593673743887,0
ExtraTrees,0,0.4788706377859782,0
ExtraTrees,1,0.41525208158495003,0
ExtraTrees,1,0.4420264728092455,0
ExtraTrees,1,0.6301082159569259,1
ExtraTrees,1,0.5482371313898526,1
ExtraTrees,1,0.4645095678270075,0
ExtraTrees,1,0.5343977695827169,1
ExtraTrees,1,0.41198739355648306,0
ExtraTrees,1,0.422325169821037,0
ExtraTrees,1,0.5001016384573416,1
ExtraTrees,1,0.6150163032125578,1
ExtraTrees,1,0.4422043038218788,0
ExtraTrees,0,0.5092824517206,1
ExtraTrees,0,0.46917411657263597,0
ExtraTrees,0,0.5433402313156934,1
ExtraTrees,0,0.5594373884919791,1
ExtraTrees,0,0.6239810033061651,1
ExtraTrees,0,0.5697506647983945,1
ExtraTrees,0,0.4752683476849846,0
ExtraTrees,0,0.4683786944993809,0
ExtraTrees,1,0.5158707332707028,1
ExtraTrees,1,0.5895272588561304,1
ExtraTrees,1,0.500269861094133,1
ExtraTrees,0,0.47087370947037366,0
ExtraTrees,0,0.5766576182176699,1
ExtraTrees,1,0.587191816471396,1
ExtraTrees,1,0.5496660990759582,1
ExtraTrees,1,0.7772381783079918,1
ExtraTrees,0,0.49121233845541845,0
ExtraTrees,0,0.38904175004928865,0
ExtraTrees,0,0.42100149193146896,0
ExtraTrees,0,0.4788782279686805,0
ExtraTrees,0,0.5525950089474618,1
ExtraTrees,0,0.5916707442622623,1
ExtraTrees,0,0.7165800889332756,1
ExtraTrees,0,0.4797354877265416,0
ExtraTrees,0,0.4588093257809842,0
KNN,1,0.49409580315114066,0
KNN,1,0.42210365092800883,0
KNN,1,0.6299528161473501,1
KNN,1,0.0,0
KNN,1,0.43383018955132246,0
KNN,1,0.5358880345170273,1
KNN,0,0.7692987535928075,1
KNN,1,1.0,1
KNN,0,0.2659410153283308,0
KNN,0,0.7732914767112196,1
KNN,1,0.5039503138949184,1
KNN,1,0.7366138400238881,1
KNN,1,1.0,1
KNN,1,1.0,1
KNN,1,0.7843143615207953,1
KNN,0,1.0,1
KNN,0,0.7471547012495767,1
KNN,0,0.7596095966874735,1
KNN,1,0.5160067543020782,1
KNN,0,0.7700388925381033,1
KNN,0,0.22064189628264116,0
KNN,1,0.2608621160934935,0
KNN,1,0.48279168111133003,0
KNN,1,0.0,0
KNN,0,0.729632952272604,1
KNN,1,0.5084904804095525,1
KNN,1,0.5,1
KNN,0,0.3333333333333333,0
KNN,1,0.4166666666666667,0
KNN,1,0.6666666666666666,1
KNN,1,0.4166666666666667,0
KNN,1,0.25,0
KNN,1,0.4166666666666667,0
KNN,1,0.3333333333333333,0
KNN,0,0.3333333333333333,0
KNN,0,0.4166666666666667,0
KNN,1,0.6666666666666666,1
KNN,0,0.25,0
KNN,1,0.75,1
KNN,1,0.75,1
KNN,0,0.5,1
KNN,0,0.5,1
KNN,0,0.3333333333333333,0
KNN,0,0.3333333333333333,0
KNN,1,0.6469509193192741,1
KNN,1,1.0,1
KNN,1,1.0,1
KNN,1,1.0,1
KNN,1,1.0,1
KNN,1,0.5259894938306777,1
KNN,1,0.24652813263547985,0
KNN,1,0.5135053657604967,1
KNN,1,0.5014450097539153,1
KNN,0,0.7150725014111382,1
KNN,1,0.6977705794989334,1
KNN,0,1.0,1
KNN,0,1.0,1
KNN,0,0.4823061964350598,0
KNN,0,0.8126495706079339,1
KNN,0,0.26657104704602075,0
KNN,0,0.7694301303492339,1
KNN,0,0.5466414851145645,1
KNN,0,0.7248291260971107,1
KNN,0,0.7674622790984804,1
KNN,0,0.7484160882563277,1
KNN,0,0.5775312984586564,1
KNN,1,0.7799880654394848,1
KNN,1,0.8039861158664872,1
KNN,1,0.22460446040322674,0
KNN,1,0.7652421827744982,1
KNN,1,0.7635600549971648,1
KNN,1,0.23388153197982206,0
KNN,1,0.24599497919979507,0
KNN,0,0.6360556715529954,1
KNN,0,0.7624496299788251,1
KNN,1,0.2129061628061824,0
KNN,1,0.2564690833318454,0
KNN,0,0.7759809004630627,1
KNN,1,0.24016759539800447,0
KNN,0,0.5294498026030792,1
KNN,1,0.48335848723030933,0
KNN,1,0.2248613460845514,0
KNN,1,0.7482431146160403,1
KNN,1,0.4781566229425084,0
KNN,1,0.24518673258775797,0
KNN,1,0.5065136105815369,1
KNN,1,0.4952308088897574,0
KNN,1,0.0,0
KNN,1,0.49698253684082905,0
KNN,1,0.7661594269337079,1
KNN,1,0.49833881501538785,0
KNN,0,0.7323554837040868,1
KNN,0,0.0,0
KNN,0,0.21800031956118765,0
KNN,0,0.19878053653924246,0
KNN,0,0.7779875471459826,1
KNN,0,1.0,1
KNN,0,0.42431549664457685,0
KNN,0,0.4730080793316696,0
KNN,1,0.7306720780834459,1
KNN,1,0.7593462148359315,1
KNN,1,0.2402473915918644,0
KNN,0,0.25278749323163063,0
KNN,0,0.2387468473686063,0
KNN,1,0.4623794748450764,0
KNN,1,0.41964229312768975,0
KNN,1,0.8721071947133168,1
KNN,0,0.7091265495207526,1
KNN,0,0.44774818987840526,0
KNN,0,0.8538663922721298,1
KNN,0,0.5825792314875927,1
KNN,0,0.585660348155587,1
KNN,0,0.5823120053194152,1
KNN,0,0.85217552894299,1
KNN,0,0.31454209513404496,0
KNN,0,0.5476866591855539,1
NaiveBayes,1,0.9738914271405753,1
NaiveBayes,1,0.9141225125878751,1
NaiveBayes,1,0.8118333242896884,1
NaiveBayes,1,0.8320622247892998,1
NaiveBayes,1,0.9337760629081748,1
NaiveBayes,1,0.9997167303619773,1
NaiveBayes,0,0.9323303775412956,1
NaiveBayes,1,0.9985580799783133,1
NaiveBayes,0,0.8947879761051322,1
NaiveBayes,0,0.9590802338790607,1
NaiveBayes,1,0.9704856717557169,1
NaiveBayes,1,0.861461230699545,1
NaiveBayes,1,0.9999871096942177,1
NaiveBayes,1,0.9998778126619607,1
NaiveBayes,1,0.99757921432612,1
NaiveBayes,0,0.9911725802338535,1
NaiveBayes,0,0.9978832486111613,1
NaiveBayes,0,0.9705623771151217,1
NaiveBayes,1,0.8926008134037007,1
NaiveBayes,0,0.2950785036862413,0
NaiveBayes,0,3.328504393926764e-83,0
NaiveBayes,1,8.041204724273203e-05,0
NaiveBayes,1,0.03253141637002901,0
NaiveBayes,1,0.8898490069152101,1
NaiveBayes,0,0.9943129199839762,1
NaiveBayes,1,1.2917610765072034e-17,0
NaiveBayes,1,0.7478657615834744,1
NaiveBayes,0,0.06845472399834837,0
NaiveBayes,1,0.5734788904905223,1
NaiveBayes,1,0.4216009745974935,0
NaiveBayes,1,0.14592295547516165,0
NaiveBayes,1,0.025324953099336536,0
NaiveBayes,1,0.3005533422399686,0
NaiveBayes,1,0.030952979110428536,0
NaiveBayes,0,0.9472225800594978,1
NaiveBayes,0,0.8837498623654797,1
NaiveBayes,1,0.5088198734571995,1
NaiveBayes,0,0.23444632771021368,0
NaiveBayes,1,0.9907609422340471,1
NaiveBayes,1,0.7923164969320681,1
NaiveBayes,0,0.3841206148157995,0
NaiveBayes,0,1.652965501398872e-15,0
NaiveBayes,0,2.695759272132538e-07,0
NaiveBayes,0,0.0004648328802409882,0
NaiveBayes,1,0.6475842276270708,1
NaiveBayes,1,0.9125319797707105,1
NaiveBayes,1,0.999899043235975,1
NaiveBayes,1,0.9894497332925075,1
NaiveBayes,1,0.985077531592839,1
NaiveBayes,1,8.440431710395748e-06,0
NaiveBayes,1,2.053702724501611e-05,0
NaiveBayes,1,0.6804211264826496,1
NaiveBayes,1,0.03369543859511429,0
NaiveBayes,0,0.869255688857865,1
NaiveBayes,1,0.6312896842293164,1
NaiveBayes,0,0.9922270778600635,1
NaiveBayes,0,0.7657148119105566,1
NaiveBayes,0,0.510174208734301,1
NaiveBayes,0,0.7504261782184072,1
NaiveBayes,0,0.011700270862727133,0
NaiveBayes,0,0.948050127856227,1
NaiveBayes,0,0.5600617576052103,1
NaiveBayes,0,0.10539353399415953,0
NaiveBayes,0,0.03170246235518408,0
NaiveBayes,0,0.973707505537587,1
NaiveBayes,0,0.5721542117903444,1
NaiveBayes,1,0.8995209898018844,1
NaiveBayes,1,0.9944195259007473,1
NaiveBayes,1,0.8358161818933822,1
NaiveBayes,1,0.140534946192879,0
NaiveBayes,1,0.9433327210331944,1
NaiveBayes,1,0.48669832313297096,0
NaiveBayes,1,0.39980911275356595,0
NaiveBayes,0,0.8782348564111427,1
NaiveBayes,0,0.8072944084662232,1
NaiveBayes,1,0.7900675106644566,1
NaiveBayes,1,0.8638571922658912,1
NaiveBayes,0,0.12229272280573969,0
NaiveBayes,1,0.1312345825500547,0
NaiveBayes,0,0.9056036095729545,1
NaiveBayes,1,1.3387784712323134e-11,0
NaiveBayes,1,0.9249422251670085,1
NaiveBayes,1,0.44940333439686025,0
NaiveBayes,1,0.9765614146916187,1
NaiveBayes,1,0.9963826131307847,1
NaiveBayes,1,0.991811199643706,1
NaiveBayes,1,0.9446102049915088,1
NaiveBayes,1,0.1330718699467476,0
NaiveBayes,1,0.48979776462458235,0
NaiveBayes,1,0.9748906826592914,1
NaiveBayes,1,4.9364057451945404e-14,0
NaiveBayes,0,0.19150128597764815,0
NaiveBayes,0,4.0899418159287566e-06,0
NaiveBayes,0,0.005677136680153409,0
NaiveBayes,0,0.0066093529141606246,0
NaiveBayes,0,0.9950687761386579,1
NaiveBayes,0,0.9732537996938394,1
NaiveBayes,0,0.9907167809966758,1
NaiveBayes,0,0.014493579306441788,0
NaiveBayes,1,0.9998190454831464,1
NaiveBayes,1,0.9840556700611691,1
NaiveBayes,1,4.035708696829675e-26,0
NaiveBayes,0,0.9070600910008481,1
NaiveBayes,0,0.49582027804980927,0
NaiveBayes,1,0.8760333534182171,1
NaiveBayes,1,0.9993206648033088,1
NaiveBayes,1,0.9141064332844312,1
NaiveBayes,0,0.07143858301076857,0
NaiveBayes,0,0.3874534062214675,0
NaiveBayes,0,0.9220866846586494,1
NaiveBayes,0,0.7627865032158715,1
NaiveBayes,0,0.9998619825466349,1
NaiveBayes,0,0.9298442078089906,1
NaiveBayes,0,0.585154853272661,1
NaiveBayes,0,0.8544280003793995,1
NaiveBayes,0,0.9854972672779938,1
XGBoost,1,0.1370547115802765,0
XGBoost,1,0.4636106491088867,0
XGBoost,1,0.016584504395723343,0
XGBoost,1,0.11554569005966187,0
XGBoost,1,0.9470109939575195,1
XGBoost,1,0.995071291923523,1
XGBoost,0,0.055431488901376724,0
XGBoost,1,0.9885315895080566,1
XGBoost,0,0.16663485765457153,0
XGBoost,0,0.6887004971504211,1
XGBoost,1,0.9395936727523804,1
XGBoost,1,0.3564302325248718,0
XGBoost,1,0.9352900385856628,1
XGBoost,1,0.9989075660705566,1
XGBoost,1,0.804446280002594,1
XGBoost,0,0.9847320318222046,1
XGBoost,0,0.6401802897453308,1
XGBoost,0,0.2957541346549988,0
XGBoost,1,0.641438901424408,1
XGBoost,0,0.20531867444515228,0
XGBoost,0,0.13470067083835602,0
XGBoost,1,0.004374533426016569,0
XGBoost,1,0.21939393877983093,0
XGBoost,1,0.020598234608769417,0
XGBoost,0,0.20494121313095093,0
XGBoost,1,0.22180058062076569,0
XGBoost,1,0.7297578454017639,1
XGBoost,0,0.009327555075287819,0
XGBoost,1,0.12265612185001373,0
XGBoost,1,0.024007152765989304,0
XGBoost,1,0.07262913137674332,0
XGBoost,1,0.03286442905664444,0
XGBoost,1,0.004877622704952955,0
XGBoost,1,0.014917389489710331,0
XGBoost,0,0.5229178667068481,1
XGBoost,0,0.08427996933460236,0
XGBoost,1,0.9924890995025635,1
XGBoost,0,0.19643619656562805,0
XGBoost,1,0.6187044382095337,1
XGBoost,1,0.9913265109062195,1
XGBoost,0,0.696602463722229,1
XGBoost,0,0.8055163025856018,1
XGBoost,0,0.18393543362617493,0
XGBoost,0,0.021241923794150352,0
XGBoost,1,0.63460773229599,1
XGBoost,1,0.9270054697990417,1
XGBoost,1,0.9514910578727722,1
XGBoost,1,0.9916927814483643,1
XGBoost,1,0.9928514957427979,1
XGBoost,1,0.03215672820806503,0
XGBoost,1,0.6877409815788269,1
XGBoost,1,0.9649821519851685,1
XGBoost,1,0.4314228296279907,0
XGBoost,0,0.8037859797477722,1
XGBoost,1,0.8592664003372192,1
XGBoost,0,0.9681056141853333,1
XGBoost,0,0.8701028823852539,1
XGBoost,0,0.1644432544708252,0
XGBoost,0,0.8163063526153564,1
XGBoost,0,0.39014124870300293,0
XGBoost,0,0.9904881715774536,1
XGBoost,0,0.2526215612888336,0
XGBoost,0,0.05396505072712898,0
XGBoost,0,0.8833305835723877,1
XGBoost,0,0.9927093982696533,1
XGBoost,0,0.3553584814071655,0
XGBoost,1,0.9779585599899292,1
XGBoost,1,0.8827328681945801,1
XGBoost,1,0.33320674300193787,0
XGBoost,1,0.6702620983123779,1
XGBoost,1,0.9442333579063416,1
XGBoost,1,0.660804271697998,1
XGBoost,1,0.037181440740823746,0
XGBoost,0,0.14620736241340637,0
XGBoost,0,0.8661755323410034,1
XGBoost,1,0.02751290798187256,0
XGBoost,1,0.1447797417640686,0
XGBoost,0,0.44673749804496765,0
XGBoost,1,0.007577040698379278,0
XGBoost,0,0.8371065855026245,1
XGBoost,1,0.18715828657150269,0
XGBoost,1,0.30315113067626953,0
XGBoost,1,0.824060320854187,1
XGBoost,1,0.5157335996627808,1
XGBoost,1,0.07469674199819565,0
XGBoost,1,0.4633173942565918,0
XGBoost,1,0.5364512801170349,1
XGBoost,1,0.3888520896434784,0
XGBoost,1,0.5336964130401611,1
XGBoost,1,0.9726266264915466,1
XGBoost,1,0.8232711553573608,1
XGBoost,0,0.9130068421363831,1
XGBoost,0,0.14165958762168884,0
XGBoost,0,0.6422191262245178,1
XGBoost,0,0.3554661273956299,0
XGBoost,0,0.6867912411689758,1
XGBoost,0,0.7647523283958435,1
XGBoost,0,0.7825865149497986,1
XGBoost,0,0.12722675502300262,0
XGBoost,1,0.3843199908733368,0
XGBoost,1,0.4087219536304474,0
XGBoost,1,0.8420110940933228,1
XGBoost,0,0.12504102289676666,0
XGBoost,0,0.2229621857404709,0
XGBoost,1,0.6601134538650513,1
XGBoost,1,0.3021884560585022,0
XGBoost,1,0.9864245057106018,1
XGBoost,0,0.14126375317573547,0
XGBoost,0,0.16176074743270874,0
XGBoost,0,0.08562953770160675,0
XGBoost,0,0.5299545526504517,1
XGBoost,0,0.868062436580658,1
XGBoost,0,0.5785306096076965,1
XGBoost,0,0.9520493745803833,1
XGBoost,0,0.7781091928482056,1
XGBoost,0,0.1649622768163681,0
LightGBM,1,0.2974362155423707,0
LightGBM,1,0.41081325708964544,0
LightGBM,1,0.446585770864592,0
LightGBM,1,0.06963629521846847,0
LightGBM,1,0.7638762345344805,1
LightGBM,1,0.9647268278969553,1
LightGBM,0,0.26023026583384734,0
LightGBM,1,0.9014205129414817,1
LightGBM,0,0.2419361810077808,0
LightGBM,0,0.3659872936735167,0
LightGBM,1,0.8703773123978089,1
LightGBM,1,0.5163353119827397,1
LightGBM,1,0.7534881782955136,1
LightGBM,1,0.973510627874646,1
LightGBM,1,0.8185196301133493,1
LightGBM,0,0.7975893847144476,1
LightGBM,0,0.7342579766495974,1
LightGBM,0,0.3769657287392854,0
LightGBM,1,0.6876230637228526,1
LightGBM,0,0.3149007310290717,0
LightGBM,0,0.19108377418985104,0
LightGBM,1,0.1741568913613358,0
LightGBM,1,0.8262862909143156,1
LightGBM,1,0.06847244141552032,0
LightGBM,0,0.272030096246491,0
LightGBM,1,0.16550643431604836,0
LightGBM,1,0.7170303253438656,1
LightGBM,0,0.007383450549735356,0
LightGBM,1,0.18303988896684745,0
LightGBM,1,0.037338251935827065,0
LightGBM,1,0.10821290004448127,0
LightGBM,1,0.023389314308572804,0
LightGBM,1,0.0021661243817670123,0
LightGBM,1,0.012158683090228798,0
LightGBM,0,0.7719230708150742,1
LightGBM,0,0.08417747653084237,0
LightGBM,1,0.9964440698152013,1
LightGBM,0,0.17836045828636762,0
LightGBM,1,0.3777085295044374,0
LightGBM,1,0.9954021278146318,1
LightGBM,0,0.8047839305131609,1
LightGBM,0,0.5610597057252199,1
LightGBM,0,0.2272603372762029,0
LightGBM,0,0.0022742712755969203,0
LightGBM,1,0.5185612877614025,1
LightGBM,1,0.6204901738232038,1
LightGBM,1,0.5755257493798617,1
LightGBM,1,0.6204836495110104,1
LightGBM,1,0.6370409785808502,1
LightGBM,1,0.47791339232351027,0
LightGBM,1,0.5586391900247394,1
LightGBM,1,0.5656064543744016,1
LightGBM,1,0.48893303206190447,0
LightGBM,0,0.4814809752222184,0
LightGBM,1,0.5230057882134219,1
LightGBM,0,0.5715050592989167,1
LightGBM,0,0.5699940852472782,1
LightGBM,0,0.48155787906637204,0
LightGBM,0,0.5081701876631655,1
LightGBM,0,0.5582886313535165,1
LightGBM,0,0.5624974151808092,1
LightGBM,0,0.45423273806845116,0
LightGBM,0,0.428810921055873,0
LightGBM,0,0.5581087815611688,1
LightGBM,0,0.6246694078615584,1
LightGBM,0,0.5251497802385308,1
LightGBM,1,0.6342923565993205,1
LightGBM,1,0.5661488880175641,1
LightGBM,1,0.4495283579161894,0
LightGBM,1,0.46644031008589054,0
LightGBM,1,0.49058817610129785,0
LightGBM,1,0.498873841827854,0
LightGBM,1,0.49225433497285187,0
LightGBM,0,0.43579362653817627,0
LightGBM,0,0.4990524774664439,0
LightGBM,1,0.12662576962471633,0
LightGBM,1,0.21229825577058567,0
LightGBM,0,0.523741726942695,1
LightGBM,1,0.048137238433656415,0
LightGBM,0,0.7623632723669772,1
LightGBM,1,0.38071811861156574,0
LightGBM,1,0.5152451142124754,1
LightGBM,1,0.8134346415748888,1
LightGBM,1,0.41387833441902894,0
LightGBM,1,0.3437876173897277,0
LightGBM,1,0.5346058251183309,1
LightGBM,1,0.7694562728031135,1
LightGBM,1,0.5446199620621313,1
LightGBM,1,0.6655539372259083,1
LightGBM,1,0.8517797506523855,1
LightGBM,1,0.5979803877423563,1
LightGBM,0,0.7527783196831086,1
LightGBM,0,0.3917168403160068,0
LightGBM,0,0.5808314436540623,1
LightGBM,0,0.623621572198922,1
LightGBM,0,0.5095092419954298,1
LightGBM,0,0.596028505281527,1
LightGBM,0,0.6707001202523696,1
LightGBM,0,0.5418440310266538,1
LightGBM,1,0.189215065626108,0
LightGBM,1,0.29034933351078784,0
LightGBM,1,0.7423675995206958,1
LightGBM,0,0.1770872831986347,0
LightGBM,0,0.5141668648370868,1
LightGBM,1,0.6353939392262686,1
LightGBM,1,0.3804537529403358,0
LightGBM,1,0.9070144217502657,1
LightGBM,0,0.2893481621685884,0
LightGBM,0,0.26174530000596213,0
LightGBM,0,0.2116187471276565,0
LightGBM,0,0.6501156061337079,1
LightGBM,0,0.8077486656524137,1
LightGBM,0,0.498089465905471,0
LightGBM,0,0.932879030392197,1
LightGBM,0,0.6985102028885021,1
LightGBM,0,0.4472047973684463,0
