Feature_Name
GLCM_Autocorrelation
GLCM_InverseDifferenceMoment
GLCM_InverseVariance
GLCM_JointAverage
GLCM_SumAverage
GLRLM_RunPercentage
GLRLM_ShortRunHighGreyLevelEmphasis
GLSZM_LargeZoneEmphasis
IB_50thIntensityPercentile
IB_75thIntensityPercentile
IH_IntensityHistogramMode_Intensity
IH_MinimumHistogramGradientGreyLevel_Intensity
Morph_Compactness1
Morph_Compactness2
Morph_Sphericity
